0.03674617 -0.03141878 0.4374584 0.02315623 -0.03866443 0.37133
0.02830541 0.008213329 0.5391902 0.01862599 0.004031507 0.4646191
0.02247052 0.03243678 0.4207118 0.009270367 0.01805874 0.3468693
-0.00939976 0.01018806 0.3442351 -0.01685063 -0.00631253 0.2910001
-0.01601484 -0.04009898 0.5160847 -0.02027837 -0.03555217 0.4552535
-0.01518041 -0.044446 0.4784305 -0.0202796 -0.04309614 0.4138918
0.04641144 0.02047944 0.4958099 0.03241215 0.0111422 0.4280349
0.01951451 -0.0187001 0.429354 0.008270747 -0.02738951 0.3713599
-0.03553245 0.01156356 0.5024691 -0.03910761 0.007618191 0.4389868
0.008963752 0.02655201 0.3378599 0.001286477 0.007518196 0.2888165
